MODELLO 1

========================================================================
MARZO
[ 0.        ,  0.        ,  0.        ,  0.        ,  0.        ,
        0.        ,  0.        ,  0.        , 30.99640181, 20.209943  ,
       24.14715196,  8.98530813, 51.77339956, 10.54033963, 10.54479491,
        7.01060152,  0.        ,  0.        ,  0.        ,  0.        ,
        0.        ,  0.        ,  0.        ,  0.        , 19.06650535,
        9.23230904,  3.2401297 ,  5.34987461]


[3.42225159e+01, 2.76883474e+01, 1.46312320e-01, 3.21800122e+00,
       2.76380947e+01, 1.24079125e+01, 0.00000000e+00, 8.10306759e-03,
       3.29857214e+01, 0.00000000e+00, 1.59505780e+00, 1.04734750e+00,
       5.44803856e+00, 5.82158089e-02, 3.34567214e-01, 5.33748048e-02,
       2.64477383e+01, 7.05160051e+00, 0.00000000e+00, 1.37887270e-02,
       4.00822552e+01, 2.52896703e+01, 6.34419436e-03, 0.00000000e+00,
       1.78517339e+01, 4.67055917e-01, 1.20225549e-01, 4.40275649e-01]

[3.04111442e+01, 1.48008839e+01, 3.11620838e-01, 1.02077736e+01,
       3.13562249e+01, 9.67979546e+00, 4.28554515e-01, 3.36433232e-01,
       2.32825454e+01, 0.00000000e+00, 1.63979341e+00, 0.00000000e+00,
       5.37542270e+00, 1.31587562e-02, 5.40569637e-03, 1.25291174e-02,
       2.67835645e+01, 3.17129449e+00, 8.85953063e-01, 1.89280904e-02,
       4.20042553e+01, 2.61108012e+01, 2.87984221e-02, 1.31458375e-01,
       1.52250618e+01, 2.46560166e-01, 2.19317212e-01, 4.17340434e-01]

MODELLO 2
========================================================================
MARZO
[ 0.        ,  0.        ,  0.        ,  0.        ,  0.        ,
        0.        ,  0.        ,  0.        , 11.14284101, 10.72360933,
       38.62531535,  5.80924338, 26.88856054, 24.09438527, 26.97371003,
        8.04922876,  0.        ,  0.        ,  0.        ,  0.        ,
        0.        ,  0.        ,  0.        ,  0.        ,  7.11634585,
        3.62792895,  9.59392554,  5.97589361]

[3.60575947e+01, 2.12335398e+01, 0.00000000e+00, 7.74438714e-01,
       4.16973494e+00, 1.01256560e+01, 0.00000000e+00, 9.60561695e-03,
       4.23910567e+00, 3.59199463e+00, 1.91961442e+01, 2.12341631e+00,
       1.17019532e+01, 2.49676046e-01, 3.00668791e+00, 8.07733641e-01,
       1.82245047e+01, 2.85715815e+00, 0.00000000e+00, 7.08806273e-02,
       2.95589723e+01, 1.79968022e+01, 4.13428409e-01, 9.39959417e+00,
       2.63905888e+00, 8.21032625e-01, 1.18881829e+01, 7.76914965e+00]

[33.31414699,  6.29297961,  9.52737024,  1.83566153,  1.01494075,
        6.58300207,  0.        ,  7.0930416 ,  2.33064977,  6.38221787,
       14.51155332,  4.80436225, 14.53228109,  2.07711926,  5.63897709,
        0.87450846, 13.36700477,  6.81784293,  0.        ,  2.62240726,
        9.61305259,  7.81164935,  6.2159462 ,  9.01961581,  5.03503328,
        1.19371332, 10.55857782,  5.53306933]
========================================================================
