0.705 0.684 0.673 0.704 0.519 0.677 0.588 0.691 0.689 0.681 0.693 0.684
0.798 0.768 0.811 0.794 0.528 0.757 0.704 0.808 0.77 0.776 0.799 0.728
0.553 0.535 0.464 0.557 0.095 0.583 0.588 0.504 0.545 0.51 0.519 0.604
0.65 0.626 0.582 0.652 0.111 0.638 0.536 0.617 0.635 0.612 0.626 0.656
0.859 0.841 0.814 0.853 0.687 0.84 0.769 0.846 0.86 0.838 0.843 0.833
0.852 0.863 0.84 0.923 0.722 0.83 0.742 0.843 0.858 0.843 0.843 0.829
0.869 0.811 0.788 0.773 0.594 0.858 0.768 0.854 0.865 0.831 0.845 0.842
0.859 0.835 0.808 0.84 0.613 0.842 0.738 0.847 0.86 0.836 0.842 0.835
0.855 0.842 0.815 0.835 0.673 0.836 0.765 0.84 0.858 0.825 0.848 0.816
0.849 0.856 0.829 0.902 0.688 0.835 0.737 0.835 0.856 0.825 0.847 0.82
0.866 0.824 0.803 0.754 0.558 0.839 0.773 0.849 0.862 0.827 0.853 0.815
0.857 0.838 0.811 0.819 0.578 0.836 0.738 0.84 0.858 0.825 0.848 0.816
0.864 0.865 0.843 0.849 0.522 0.862 0.795 0.86 0.857 0.859 0.866 0.84
0.867 0.885 0.872 0.921 0.66 0.869 0.798 0.861 0.874 0.859 0.876 0.834
0.862 0.839 0.807 0.765 0.049 0.854 0.799 0.858 0.834 0.861 0.853 0.853
0.863 0.86 0.836 0.835 0.067 0.86 0.771 0.859 0.852 0.859 0.863 0.842
0.869 0.852 0.826 0.826 0.577 0.85 0.787 0.857 0.864 0.847 0.869 0.834
0.861 0.874 0.853 0.913 0.9 0.84 0.814 0.847 0.868 0.83 0.855 0.827
0.882 0.824 0.794 0.724 0.161 0.867 0.782 0.872 0.86 0.874 0.888 0.848
0.87 0.847 0.819 0.806 0.25 0.852 0.759 0.858 0.863 0.85 0.87 0.836
0.899 0.891 0.866 0.645 0.845 0.863 0.748 0.896 0.89 0.811 0.9 0.850
0.893 0.881 0.864 0.585 0.797 0.845 0.808 0.886 0.875 0.833 0.883 0.850
0.907 0.903 0.87 0.996 0.935 0.89 0.699 0.908 0.912 0.782 0.922 0.850
0.899 0.891 0.865 0.736 0.858 0.866 0.723 0.896 0.892 0.805 0.902 0.849
0.927 0.91 0.891 0.602 0.873 0.914 0.735 0.911 0.917 0.772 0.923 0.866
0.919 0.906 0.888 0.566 0.817 0.9 0.834 0.901 0.913 0.831 0.912 0.885
0.938 0.915 0.897 0.985 0.964 0.933 0.625 0.926 0.922 0.683 0.936 0.842
0.928 0.91 0.891 0.707 0.883 0.916 0.694 0.912 0.917 0.748 0.923 0.862
0.929 0.913 0.901 0.602 0.858 0.912 0.748 0.904 0.918 0.786 0.914 0.866
0.921 0.917 0.892 0.557 0.802 0.908 0.832 0.9 0.92 0.827 0.903 0.886
0.939 0.909 0.912 0.999 0.951 0.918 0.663 0.909 0.916 0.725 0.929 0.839
0.929 0.912 0.901 0.714 0.869 0.912 0.718 0.904 0.917 0.771 0.915 0.861
0.968 0.937 0.928 0.597 0.922 0.958 0.727 0.936 0.952 0.756 0.959 0.906
0.964 0.956 0.925 0.566 0.888 0.943 0.859 0.913 0.954 0.868 0.95 0.926
0.972 0.916 0.932 0.977 0.966 0.974 0.558 0.964 0.951 0.605 0.968 0.885
0.968 0.935 0.928 0.7 0.925 0.958 0.653 0.937 0.952 0.711 0.959 0.904
0.964 0.934 0.926 0.601 0.93 0.958 0.731 0.943 0.946 0.755 0.961 0.915
0.964 0.955 0.933 0.562 0.907 0.939 0.871 0.918 0.947 0.881 0.953 0.925
0.964 0.911 0.92 0.99 0.958 0.978 0.556 0.973 0.944 0.593 0.97 0.904
0.964 0.932 0.925 0.709 0.931 0.958 0.658 0.944 0.945 0.707 0.961 0.914
0.979 0.953 0.956 0.598 0.944 0.972 0.712 0.948 0.96 0.747 0.976 0.929
0.976 0.963 0.958 0.567 0.934 0.955 0.868 0.921 0.961 0.884 0.969 0.936
0.983 0.943 0.955 0.978 0.955 0.991 0.508 0.98 0.959 0.569 0.985 0.921
0.979 0.952 0.956 0.702 0.944 0.972 0.62 0.949 0.959 0.691 0.976 0.928
0.979 0.952 0.947 0.598 0.941 0.967 0.726 0.952 0.96 0.766 0.984 0.934
0.974 0.958 0.947 0.569 0.917 0.944 0.883 0.92 0.961 0.913 0.975 0.94
0.986 0.944 0.948 0.975 0.971 0.993 0.524 0.991 0.959 0.589 0.993 0.929
0.979 0.951 0.947 0.701 0.943 0.968 0.639 0.954 0.96 0.714 0.984 0.934
