0.641 0.638 0.655 0.644 0.635 0.508 0.626 0.589 0.643 0.649 0.652 0.591
0.742 0.863 0.876 0.933 0.794 0.51 0.785 0.751 0.88 0.913 0.871 0.718
0.3 0.336 0.363 0.312 0.371 0.982 0.477 0.575 0.338 0.331 0.359 0.404
0.451 0.479 0.51 0.465 0.502 0.665 0.536 0.536 0.483 0.482 0.505 0.485
0.775 0.765 0.765 0.759 0.711 0.502 0.749 0.639 0.751 0.77 0.767 0.738
0.789 0.783 0.787 0.796 0.673 0.482 0.783 0.69 0.777 0.77 0.793 0.759
0.752 0.735 0.73 0.706 0.826 0.938 0.69 0.642 0.706 0.768 0.727 0.700
0.768 0.756 0.756 0.745 0.74 0.626 0.732 0.602 0.738 0.768 0.757 0.726
0.778 0.75 0.76 0.753 0.705 0.502 0.75 0.632 0.74 0.755 0.768 0.734
0.795 0.776 0.784 0.788 0.671 0.485 0.802 0.68 0.77 0.754 0.792 0.755
0.752 0.708 0.721 0.697 0.809 0.938 0.666 0.624 0.688 0.76 0.729 0.699
0.771 0.738 0.749 0.737 0.732 0.627 0.726 0.588 0.725 0.755 0.757 0.723
0.774 0.755 0.759 0.758 0.703 0.509 0.739 0.63 0.741 0.75 0.77 0.73
0.795 0.788 0.793 0.814 0.664 0.504 0.785 0.678 0.774 0.747 0.799 0.752
0.742 0.702 0.702 0.673 0.826 0.999 0.662 0.639 0.681 0.759 0.726 0.694
0.765 0.74 0.743 0.734 0.735 0.669 0.716 0.594 0.723 0.751 0.759 0.719
0.782 0.777 0.78 0.779 0.717 0.508 0.756 0.672 0.779 0.775 0.778 0.735
0.799 0.804 0.81 0.824 0.674 0.504 0.808 0.757 0.819 0.82 0.802 0.75
0.758 0.735 0.732 0.714 0.84 0.999 0.674 0.668 0.717 0.709 0.74 0.709
0.776 0.766 0.767 0.762 0.747 0.668 0.733 0.652 0.763 0.757 0.768 0.726
0.833 0.792 0.814 0.816 0.712 0.766 0.782 0.661 0.775 0.746 0.828 0.756
0.839 0.812 0.834 0.83 0.642 0.853 0.864 0.747 0.82 0.803 0.826 0.809
0.828 0.763 0.787 0.798 0.956 0.645 0.672 0.639 0.706 0.656 0.832 0.673
0.832 0.785 0.808 0.812 0.767 0.732 0.754 0.64 0.757 0.72 0.827 0.733
0.865 0.798 0.813 0.812 0.668 0.792 0.804 0.667 0.812 0.743 0.837 0.794
0.885 0.814 0.829 0.837 0.604 0.838 0.927 0.763 0.88 0.805 0.855 0.852
0.841 0.773 0.792 0.783 0.976 0.723 0.66 0.626 0.724 0.645 0.814 0.715
0.861 0.791 0.808 0.805 0.745 0.775 0.77 0.643 0.793 0.714 0.833 0.775
0.86 0.822 0.83 0.815 0.696 0.807 0.796 0.68 0.82 0.754 0.844 0.786
0.873 0.838 0.832 0.82 0.626 0.848 0.906 0.771 0.889 0.822 0.857 0.853
0.844 0.8 0.831 0.813 0.976 0.75 0.661 0.633 0.732 0.653 0.829 0.696
0.857 0.817 0.83 0.813 0.762 0.795 0.763 0.656 0.802 0.726 0.841 0.764
0.858 0.836 0.825 0.816 0.681 0.823 0.814 0.685 0.831 0.753 0.853 0.805
0.871 0.834 0.831 0.829 0.614 0.868 0.9 0.772 0.89 0.824 0.863 0.876
0.844 0.84 0.819 0.803 0.977 0.762 0.708 0.634 0.757 0.649 0.84 0.714
0.856 0.835 0.823 0.812 0.753 0.81 0.791 0.659 0.817 0.724 0.85 0.785
0.868 0.819 0.829 0.841 0.674 0.81 0.818 0.682 0.818 0.745 0.861 0.801
0.888 0.853 0.861 0.878 0.609 0.837 0.923 0.775 0.884 0.811 0.874 0.869
0.846 0.775 0.789 0.796 0.976 0.771 0.694 0.632 0.733 0.639 0.844 0.71
0.865 0.809 0.821 0.833 0.749 0.801 0.791 0.657 0.8 0.713 0.858 0.78
0.878 0.834 0.831 0.825 0.668 0.826 0.826 0.672 0.831 0.743 0.868 0.807
0.894 0.851 0.847 0.85 0.604 0.844 0.911 0.773 0.889 0.816 0.882 0.868
0.858 0.811 0.809 0.794 0.979 0.801 0.724 0.604 0.757 0.627 0.851 0.723
0.875 0.829 0.826 0.818 0.746 0.821 0.805 0.637 0.816 0.707 0.865 0.787
0.88 0.843 0.847 0.864 0.68 0.827 0.819 0.68 0.819 0.746 0.876 0.803
0.896 0.866 0.882 0.89 0.612 0.845 0.908 0.772 0.864 0.818 0.89 0.862
0.862 0.814 0.802 0.831 0.979 0.802 0.71 0.623 0.757 0.634 0.86 0.722
0.878 0.838 0.839 0.858 0.753 0.822 0.795 0.652 0.806 0.713 0.874 0.784
